baseline         members  676 OK  676  {'MATCH': 661, 'MATCH_UNVERIFIED': 15}
o3single         members  543 OK  543  {'MATCH': 543}
run              files memb   def  keep stand block   OK strict unver stub DIFF  cc_s  link_s  order(LIS/n, inv)  callee-first
ab_all             622  676   818   818     0     9  574    563     9    2  102   0.1    0.3   76/755, 484   551/555
ab_groups          622  676   818   715     0     9  669    652    15    2    7   0.1    0.3   75/755, 484   551/555
ab_real            622  676   818   686     0    53  541    534     6    1  135   0.1    0.3   70/755, 481   551/555
ab_real_si         623  676  1079   686   261    53  382    377     3    2  294   0.1    0.3   66/755, 487   816/816
ab_roots           622  676   818   547     0    84  452    445     6    1  224   0.1    0.3   71/755, 472   551/555
ab_roots_si        623  676  1079   665   261    52  374    369     3    2  302   0.1    0.3   66/755, 487   816/816
best_addr          622  676   818   718     0     9  675    657    15    3    1   0.1    0.3   57/755, 524   555/555
best_ke            622  676   818   718     0     9  672    655    15    2    4   0.1    0.3   75/755, 484   551/555
best_name          622  676   818   718     0     9  675    658    15    2    1   0.1    0.3   75/755, 484   551/555
best_raddr         622  676   818   718     0     9  676    659    15    2    0   0.1    0.3   613/755, 81   555/555
full_all           622  676   818   818     0     0  572    561     9    2  104   0.1    0.3   76/755, 484   551/555
full_all_si        623  676  1079  1079   261     0  572    561     9    2  104   0.1    0.3   66/755, 487   816/816
full_groups        622  676   818   715     0     0  658    641    15    2   18   0.1    0.3   75/755, 484   551/555
full_groups_ck     622  676   818   717     0     0  646    633    11    2   30   0.1    0.3   75/755, 484   551/555
full_groups_m      622  676   818   761     0     0  618    606    10    2   58   0.1    0.3   76/755, 484   551/555
full_groups_ns     622  676   818   722     0     0  649    632    15    2   27   0.1    0.3   75/755, 484   551/555
full_groups_si     623  676  1079   976   261     0  658    641    15    2   18   0.1    0.3   66/755, 487   816/816
full_real          622  676   818   686     0     0  539    532     6    1  137   0.1    0.3   70/755, 481   551/555
full_roots         622  676   818   547     0     0  446    439     6    1  230   0.1    0.3   71/755, 472   551/555
ni_all             622  676   818   818     0     0  569    561     8    0  107   0.1    0.3   76/755, 484   551/555
ni_groups          622  676   818   715     0     0  659    646    13    0   17   0.1    0.3   75/755, 484   551/555
nm_all             622  676   818   818     0     0  571    563     8    0  105   0.1    0.3   413/755, 139   434/555
nm_groups          622  676   818   715     0     0  629    620     9    0   47   0.1    0.3   413/755, 139   434/555
s50_all             50   50    50    50     0     0   50     50     0    0    0   0.0    0.0   12/50, 28   6/6
singles_raddr      543  546   547   547     0     0  544    544     0    0    2   0.1    0.2   540/546, 2   102/102
strip_all          622  676   689   689     0     0  573    562     9    2  103   0.1    0.2   55/676, 482   242/242
retail: 1216 functions, 140252 words
retail `jr ra; nop` bodies: 161; with no jal caller: 159; of those locked as empty C functions: 159
{'groups': 48, 'built': 48, 'members': 0, 'match': 0, 'kp_match': 48, 'with_internal': 120}
